$ANSIBLE_VAULT;1.1;AES256
39336532383536346166363366633030626236356435613061633232326430373331646565353964
3438313232373330326465656230393931363064313263390a653732343034393066363737376338
31373834366533626434313739323566626438666164383166643961323837373330323464343534
3939396137653038380a333164386464623232333030343665373965653739623634313433333262
62653065643431373062303538383131306232666638613835363339626166623931303962663938
36666136386564623638396338653030656431303662623061393531373437346335303038353733
63383834656331633330643561623265616435333761323062623831323838393765323639373862
32393963313662356164343134656365383939396532356533643364306233356432326433663064
34386463333830616339666638663064336533316165633732623261653462313936623761323338
38383937383133613465326536633633333038316534663034386432303563363566356536306439
63623836656236393863323036666535636334646630646335613662353631613334366466623032
33363536643130373734363239303363343434343561656563626466623539356330656566643962
39303237653935363263396561643066656130656665653239316532626665343837656165653333
32353136613363386239333838393665393132356662656462613930333332363235313130613362
36626361326164393535353335333638623063313465373066353933313061623763653736643561
32663464373936646138663930306334373663643065323464323762303863353061316331306531
31653536343034653336646562663239633335396132396461643434356162616436336434643938
34336438313137653431653431653131303230643334333964396362636365343330356465313064
39306432336437653438653631623462653435656335626465303865636533643933396334313630
34613861313266353638
